====== Experiment Results Summary ======
Scenario        | Cost       | Emission(kg) | Avg Dist(km) | Loss Rate(%) | Vehicles
--------------------------------------------------------------------------------
Tax=0.0         | 2637.13    | 431.48       | 54.69        | 7.62         | 15      
Tax=0.05        | 2658.70    | 431.48       | 54.69        | 7.62         | 15      
Tax=0.5         | 2852.86    | 431.48       | 54.69        | 7.62         | 15      
Hard TW         | 2705.47    | 439.00       | 55.64        | 7.89         | 15      
Soft TW         | 2658.70    | 431.48       | 54.69        | 7.62         | 15      
P10_T0.001      | 1420.34    | 295.87       | 80.36        | 7.59         | 7       
P10_T0.003      | 1873.62    | 327.17       | 69.11        | 18.34        | 9       
P10_T0.005      | 2243.55    | 374.72       | 59.37        | 24.25        | 12      
P20_T0.001      | 1659.09    | 308.29       | 73.26        | 6.77         | 8       
P20_T0.003      | 2395.65    | 399.34       | 58.40        | 13.06        | 13      
P20_T0.005      | 2911.76    | 431.48       | 54.69        | 19.06        | 15      
P30_T0.001      | 1873.62    | 327.17       | 69.11        | 6.11         | 9       
P30_T0.003      | 2785.23    | 431.48       | 54.69        | 11.43        | 15      
P30_T0.005      | 3452.97    | 530.05       | 53.04        | 14.67        | 19      
P40_T0.001      | 2072.16    | 340.64       | 64.76        | 5.53         | 10      
P40_T0.003      | 3147.41    | 476.24       | 53.26        | 10.17        | 17      
P40_T0.005      | 3939.91    | 530.05       | 53.04        | 14.67        | 19      
P50_T0.001      | 2243.55    | 374.72       | 59.37        | 4.85         | 12      
P50_T0.003      | 3452.97    | 530.05       | 53.04        | 8.80         | 19      
P50_T0.005      | 4413.83    | 550.93       | 52.37        | 14.13        | 20      
P60_T0.001      | 2395.65    | 399.34       | 58.40        | 4.35         | 13      
P60_T0.003      | 3745.13    | 530.05       | 53.04        | 8.80         | 19      
P60_T0.005      | 4862.38    | 593.43       | 51.28        | 13.25        | 22      
